\documentclass{article}
\input{../../definitions.tex}
\begin{document}
All values are rounded to 4 decimal places, so that the readout is not to long.

\begin{center}
\begin{tabular}{c|c|c|c|c|c|c|c|c}
name & a & b & c & d & e & f & x & y \\
\hline
Authorities 0 & 0.125 & 0.125 & 0.125 & 0.125 & 0.125 & 0.125 & 0.125 & 0.125 \\
Hubs        0 & 0.125 & 0.125 & 0.125 & 0.125 & 0.125 & 0.125 & 0.125 & 0.125 \\
Authorities 1 & 0.3333 & 0.5000 & 0.0000 & 0.0000 & 0.0000 & 0.0000 & 0.1667 & 0.0000 \\
Hubs        1 & 0.0000 & 0.0000 & 0.2143 & 0.2143 & 0.3571 & 0.1429 & 0.0000 & 0.0714 \\
Authorities 2 & 0.3684 & 0.5789 & 0.0000 & 0.0000 & 0.0000 & 0.0000 & 0.0526 & 0.0000 \\
Hubs        2 & 0.0000 & 0.0000 & 0.2292 & 0.2292 & 0.3750 & 0.1458 & 0.0000 & 0.0208 \\
\end{tabular}
\end{center}
\bigskip

\begin{center}
\begin{tabular}{c|c|c|c|c|c|c|c|c}
name & a & b & c & d & e & f & x & y \\
\hline
Authorities 0 & 0.125 & 0.125 & 0.125 & 0.125 & 0.125 & 0.125 & 0.125 & 0.125 \\
Hubs        0 & 0.125 & 0.125 & 0.125 & 0.125 & 0.125 & 0.125 & 0.125 & 0.125 \\
Authorities 1 & 0.3750 & 0.5000 & 0.0000 & 0.0000 & 0.0000 & 0.0000 & 0.1250 & 0.0000 \\
Hubs        1 & 0.0000 & 0.0000 & 0.1538 & 0.1538 & 0.2692 & 0.1154 & 0.0000 & 0.3077 \\
Authorities 2 & 0.3673 & 0.4694 & 0.0000 & 0.0000 & 0.0000 & 0.0000 & 0.1633 & 0.0000 \\
Hubs        2 & 0.0000 & 0.0000 & 0.1494 & 0.1494 & 0.2662 & 0.1169 & 0.0000 & 0.3182 \\
\end{tabular}
\end{center}
\end{document}
